! 001
59 59 4 4 
! 002
58 58 3 3 
! 003
57 57 2 2 
! 004
56 56 1 1 
! 005
55 55 
! 007
54 54 
! 008
53 53 
! 009
52 52 
! 010
51 51 
! 011
50 50 
! 014
49 49 
! 016
48 48 
! 017
47 47 
! 019
46 46 
! 020
45 45 
! 021
44 44 
! 026
43 43 
! 027
42 42 
! 028
41 41 
! 029
40 40 
! 031
39 39 
! 032
38 38 
! 033
37 37 
! 035
36 36 
! 036
35 35 
! 039
34 34 
! 040
33 33 
! 042
32 32 
! 043
31 31 
! 044
30 30 
! 047
29 29 
! 048
28 28 
! 052
27 27 
! 054
26 26 
! 055
25 25 
! 056
24 24 
! 062
23 23 
! 063
22 22 
! 064
21 21 
! 065
20 20 
! 067
19 19 
! 068
18 18 
! 080
17 17 
! 081
16 16 
! 082
15 15 
! 083
14 14 
! 084
13 13 
! 089
12 12 
! 090
11 11 
! 091
10 10 
! 092
9 9 
! 094
8 8 
! 095
7 7 
! 096
6 6 
! 098
5 5 
